word left top right bottom

   0 255 840 340 

  0 340 764 413 

   0 413 739 477 

   0 477 725 540 

    0 540 618 610 

     0 610 530 802 

     0 802 427 931 

   1 931 210 1000 

g 864 207 867 208 

. 889 195 891 197 

, 906 194 916 207 

AND 929 171 1013 202 

INTELLIGENCE 1026 172 1299 222 

shown 801 318 946 363 

in 971 315 1012 356 

Fig. 1036 316 1124 370 

8.1712. 1170 324 1304 376 

1,, 1347 346 1387 390 

iwiiere 749 378 899 426 

the 926 379 993 420 

points 1019 381 1154 455 

in 1183 388 1222 430 

R1 1247 394 1295 449 

are 1330 418 1393 454 

.. 739 467 773 483 

that 803 445 884 488 

any 904 455 982 495 

starting 1005 450 1169 501 

point 1189 457 1298 504 

in 1319 467 1356 510 

ei 1375 480 1408 520 

dad 725 512 803 556 

the 832 510 897 550 

same 927 520 1038 549 

result. 1068 515 1202 556 

If, 1252 524 1300 573 

on 1328 544 1377 577 

the 1403 548 1460 594 

, 1729 569 1731 573 

1 1756 558 1760 589 

region 618 582 755 636 

would 777 574 910 647 

have 932 574 1035 645 

resulted, 1057 578 1244 648 

as 1266 601 1307 631 

Sho 1328 599 1396 643 

.°“I‘:r 1474 573 1571 675 

ham’? 1590 587 1702 680 

. 1730 624 1732 626 

example, 530 647 722 701 

whilesimple. 756 639 1053 711 

in 1087 653 1126 681 

nature, 1159 655 1307 703 

points 1338 670 1456 719 

OM13 1483 654 1585 739 

8,l7¢‘llt 1602 664 1742 732 

growing, 527 714 716 774 

Two 763 708 856 776 

immediate 884 704 1114 776 

problems 1140 714 1338 764 

are 1363 743 1423 776 

the 1445 747 1500 791 

selsosmi 1520 722 1663 808 

g 423 834 427 836 

V13; 449 788 504 841 

representregions 528 781 908 845 

of 935 769 986 840 

interestgand 1008 777 1271 847 

the 1297 788 1358 830 

SCl6Cll()n 1383 804 1543 865 

°<2tio,,:)?"'§ 1565 762 1742 856 

“ding 413 853 543 901 

points 572 848 700 898 

in 734 849 772 877 

thevarious 806 836 1066 907 

regions 1102 850 1261 890 

during 1293 853 1424 915 

the 1453 876 1507 919 

gr 1532 902 1567 940 

 344 911 404 968 

of 423 918 471 961 

one 486 925 559 956 

or 581 921 626 950 

more 649 915 760 946 

starting 786 908 950 951 

points 975 910 1109 951 

can 1135 917 1209 947 

often 1233 914 1339 958 

be 1363 924 1408 967 

based 1429 934 1531 988 

Owlng 1567 911 1655 971 

 1695 910 1742 1008 

i 315 958 329 963 

_ 713 971 719 976 

. 820 968 825 973 

. 850 967 856 973 

- 1073 969 1079 975 

. 1153 972 1159 978 

. 1330 985 1336 991 

 1550 970 1588 1002 

the 110 1004 168 1048 

Problem. 186 994 360 1055 

For 401 987 473 1027 

example, 494 974 683 1025 

1“ 711 982 748 1008 

m““"”—aEpl'°a"°"S 774 968 1237 1071 

of 1262 982 1309 1020 

"lfrared 1328 990 1483 1043 

imagiihewer 1504 975 1744 1074 

(and 497 1042 586 1092 

thus 613 1039 698 1078 

appear 726 1045 872 1085 

brig 900 1033 989 1083 

ter) 1021 1037 1096 1082 

than 1126 1037 1217 1079 

the 1245 1045 1308 1086 

background 1334 1051 1566 1122 

C.ia,g% 1600 1059 1743 1135 

_ 1768 1098 1770 1100 

' 111 1070 118 1078 

t 236 1068 249 1101 

are 270 1068 331 1098 

hotter 355 1053 473 1093 

. 964 1099 969 1104 

. 1121 1102 1128 1108 

_ 1684 1123 1688 1128 

t')n§:L:st 107 1073 273 1178 

pixels 300 1116 415 1171 

is 447 1112 477 1151 

then 508 1109 594 1148 

a 624 1116 646 1143 

natural 679 1099 827 1140 

starting 863 1106 1028 1150 

point 1062 1111 1174 1151 

for 1207 1107 1269 1148 

a 1299 1126 1321 1153 

region- 1352 1125 1490 1173 

0031;” 1641 1119 1743 1188 

r 131 1142 147 1169 

_ 435 1178 442 1184 

. 616 1170 621 1176 

._ 714 1167 742 1185 

-1 960 1166 982 1204 

bl 1013 1167 1052 1205 

growing 1492 1149 1626 1209 

3| 1645 1174 1666 1211 

. 1706 1192 1708 1197 

When 104 1193 214 1232 

a 243 1199 263 1226 

Pfiorl 291 1180 401 1235 

‘nformanon 434 1174 677 1216 

is 712 1180 743 1206 

not 778 1172 845 1204 

.aVal 867 1177 967 1237 

a 987 1178 1010 1205 

6’. 1056 1179 1106 1241 

one 1128 1182 1206 1211 

.may 1227 1188 1327 1246 

proceed 1358 1197 1510 1240 

b 1536 1208 1556 1246 

comg0.m‘E 1598 1189 1739 1270 

every 102 1265 207 1303 

pixel 229 1248 322 1301 

the 347 1246 405 1285 

same 428 1251 530 1281 

set 554 1243 609 1276 

of 633 1234 681 1273 

‘properties 694 1239 922 1306 

that 949 1232 1030 1272 

will 1056 1235 1139 1274 

ultimately 1166 1239 1378 1300 

be 1401 1254 1445 1296 

used 1467 1273 1545 1310 

to 1565 1284 1593 1317 

a 1610 1298 1625 1325 

 1653 1247 1743 1347 

to 101 1327 135 1358 

regions 163 1316 302 1365 

during 329 1309 459 1357 

the 489 1305 549 1343 

growing 577 1311 756 1372 

process. 788 1310 969 1349 

If 1024 1300 1064 1339 

the. 1091 1302 1168 1377 

result 1188 1310 1308 1350 

of 1336 1317 1382 1355 

this 1405 1322 1472 1365 

computation 1498 1343 1681 1400 

We 1699 1322 1744 1365 

clusters 96 1384 242 1421 

of 262 1377 305 1416 

values, 322 1375 459 1417 

then 483 1371 568 1409 

the 592 1369 653 1407 

pixels 676 1366 803 1417 

whose 829 1366 968 1405 

properties 992 1377 1217 1439 

place 1240 1377 1350 1447 

them 1371 1385 1467 1430 

near 1486 1407 1561 1440 

the 1577 1408 1621 1450 

can 1634 1429 1677 1461 

 1696 1374 1744 1455 

these 96 1447 190 1484 

clusters 213 1443 360 1481 

can 385 1449 452 1476 

be 478 1437 523 1474 

used 550 1434 642 1473 

as 669 1444 711 1472 

seeds. 738 1433 868 1471 

For 919 1433 999 1472 

instance,’ 1027 1443 1230 1513 

1n.the 1251 1446 1375 1517 

example 1398 1464 1553 1511 

givenabovt. 1572 1473 1742 1535 

histogram 92 1510 282 1557 

of 308 1505 352 1543 

intensities 373 1502 576 1542 

would 605 1500 736 1539 

show 765 1499 877 1538 

that 907 1500 989 1540 

points 1017 1511 1152 1553 

with 1181 1509 1274 1548 

intensity 1303 1520 1472 1572 

of 1494 1528 1534 1566 

1 1555 1533 1566 1570 

and 1589 1543 1639 1579 

73“: 1656 1519 1743 1602 

most 90 1579 180 1611 

predominant. 199 1570 460 1621 

The 173 1640 246 1677 

selection 267 1638 439 1677 

of 461 1636 507 1676 

similarity 525 1637 727 1688 

criteria 752 1638 912 1678 

is 938 1639 970 1679 

dependent 995 1641 1224 1693 

not 1248 1656 1315 1689 

only 1336 1654 1423 1705 

on 1444 1669 1490 1697 

the 1509 1662 1560 1703 

problem 1577 1672 1688 1716 

link- 1700 1689 1743 1724 

consideration, 84 1704 357 1748 

but 390 1704 451 1742 

also 482 1704 564 1743 

on 595 1716 646 1743 

the 680 1705 744 1745 

type 778 1712 871 1758 

of 905 1707 956 1747 

image 985 1708 1121 1762 

data 1154 1713 1245 1754 

available. 1278 1719 1471 1763 

For 1517 1728 1577 1769 

exampimt 1600 1742 1743 1789 

analysis 81 1769 233 1817 

of 262 1769 305 1807 

land-use 331 1769 498 1809 

satellite 529 1771 692 1811 

imagery 726 1772 906 1826 

is 942 1776 975 1817 

heavily 1009 1777 1172 1831 

dependent 1205 1782 1422 1835 

on 1449 1802 1494 1830 

the 1520 1794 1570 1834 

use 1594 1809 1640 1838 

0lC0l0:'. 1658 1804 1743 1846 

This 80 1833 162 1871 

problem 182 1835 344 1883 

would 368 1837 491 1876 

be 515 1838 561 1877 

signiﬁcantly 583 1839 852 1894 

more 877 1856 993 1885 

difficult 1016 1846 1191 1889 

to 1215 1857 1254 1890 

handle 1278 1852 1414 1895 

by 1434 1857 1479 1908 

using 1499 1860 1589 1912 

lll0l'l0ClIl0llr‘ 1606 1869 1743 1907 

this 1409 361 1475 409 

den 1417 424 1483 475 

' 1569 435 1576 448 

images 78 1897 209 1947 

alone. 237 1900 353 1940 

Unfortunately, 404 1903 713 1959 

the 745 1910 810 1951 

availability 841 1913 1095 1968 

of 1127 1917 1177 1957 

multispectral 1203 1920 1473 1973 

and 1500 1927 1561 1966 

other 1583 1929 1657 1967 

complei 1673 1934 1743 1980 

’ 1772 1938 1774 1940 

mentary 74 1970 230 2013 

image 257 1965 375 2018 

data 401 1969 485 2010 

is 514 1972 544 2012 

the 573 1974 636 2014 

exception, 663 1979 893 2030 

rather 925 1983 1061 2024 

than 1090 1985 1184 2026 

the 1214 1987 1279 2028 

rule, 1307 1990 1400 2037 

in 1429 1990 1463 2030 

industrial 1488 1992 1640 2032 

Compute: 1657 2002 1744 2042 

vision. 73 2026 198 2067 

Typically, 244 2032 442 2086 

region 473 2040 605 2091 

analysis 634 2045 810 2097 

must 841 2058 948 2092 

be 979 2052 1030 2093 

carried 1061 2055 1220 2096 

out 1249 2064 1317 2097 

using 1345 2058 1452 2110 

a 1477 2071 1496 2099 

set 1520 2066 1566 2098 

of 1586 2058 1620 2097 

descriptor 1635 2058 1744 2105 

based 70 2090 175 2131 

on 196 2107 243 2134 

intensity 266 2097 434 2154 

and 457 2108 530 2147 

spatial 553 2112 691 2161 

properties 715 2119 943 2169 

(e.g., 969 2122 1088 2176 

moments, 1114 2133 1330 2174 

texture) 1354 2128 1505 2175 

of 1525 2125 1563 2165 

a 1577 2137 1593 2164 

single_imigf 1609 2121 1744 2191 

source. 67 2167 203 2199 

A 247 2165 279 2203 

discussion 304 2167 515 2214 

of 541 2178 589 2218 

descriptors 610 2180 856 2237 

useful 885 2190 1022 2233 

for 1053 2192 1119 2234 

region 1147 2195 1289 2248 

characterization 1315 2191 1614 2236 

isglle“ 1632 2189 1745 2236 

Sec. 65 2220 142 2261 

8.3. 165 2226 236 2267 

, 1743 2303 1746 2307 

It 148 2291 176 2330 

is 204 2293 232 2333 

important 261 2297 456 2351 

to 486 2317 524 2351 

note 554 2324 644 2359 

that 675 2320 756 2364 

descriptors 787 2326 1040 2384 

alone 1073 2333 1195 2375 

can 1226 2346 1300 2375 

yield 1329 2332 1431 2387 

misleadiug 1458 2323 1640 2394 

l°5“I“ 1659 2310 1745 2396 

:0"',‘le°tiV"t3f 57 2360 297 2461 

0’ 323 2381 366 2409 

adjacency 391 2376 599 2437 

information 628 2387 893 2440 

is 923 2400 958 2443 

not 988 2410 1060 2445 

used 1089 2405 1192 2446 

in 1220 2404 1261 2445 

the 1290 2404 1353 2445 

region 1380 2400 1505 2453 

8T°w‘"ge‘:I]m‘ 1527 2380 1747 2486 

P561] 54 2431 148 2532 

slU\S;t21}:ic:)n1 151 2424 358 2546 

lof 361 2442 415 2547 

this 432 2445 505 2489 

is 530 2451 561 2493 

easily 585 2459 711 2535 

visualized 736 2464 966 2542 

by 991 2473 1046 2527 

considering 1072 2474 1334 2527 

‘a 1349 2485 1380 2549 

random 1402 2467 1546 2543 

argiihngme 1565 2461 1692 2563 

Same 1707 2502 1745 2541 

Y 374 2520 398 2560 

three 429 2514 533 2561 

distinct 563 2524 725 2574 

intensity 757 2541 951 2596 

values. 986 2545 1146 2588 

Grouping 1202 2546 1409 2598 

Plxels 1437 2532 1548 2592 

W 1572 2537 1599 2566 

- 56 2547 62 2553 

. 171 2557 176 2564 

‘W 1701 2561 1746 2601 

intensity 53 2557 216 2611 

to 238 2571 274 2606 

form 296 2570 393 2617 

a 414 2593 435 2622 

are 461 2586 526 2630 

. 559 2592 565 2598 

,, 629 2598 652 2613 

. 718 2603 725 2610 

, 1181 2617 1188 2623 

- 1495 2604 1501 2610 

it 1529 2600 1551 2640 

wouldl” 1589 2578 1716 2631 

. 250 2633 256 2639 

81011 527 2603 622 2644 

without 674 2605 845 2652 

paying 868 2614 1024 2670 

attention 1049 2624 1248 2659 

to 1271 2622 1312 2657 

connectiv 1335 2612 1526 2655 

Y 1552 2608 1571 2650 

Segmentation 50 2625 308 2678 

result 328 2649 442 2692 

that 463 2655 540 2701 

' 564 2662 570 2669 

' 741 2675 747 2681 

- 1373 2682 1378 2689 

' 1449 2677 1455 2683 

sion- 1541 2664 1616 2707 

«« 1725 2689 1746 2703 

is 562 2675 594 2705 

' 920 2684 927 2691 

th 1327 2684 1367 2726 

s 1384 2694 1401 2723 

discus 1421 2678 1538 2720 

in; 1725 2696 1746 2730 

Another 134 2690 296 2745 

important 317 2708 519 2769 

Probrlglrii 539 2680 735 2786 

1'nglesS' 738 2679 902 2762 

m 917 2697 959 2727 

the 982 2687 1051 2730 

C('mte)'(t 1073 2694 1241 2767 

(tile 1262 2685 1331 2800 

flormulatioﬂ 1355 2695 1580 2795 

° 1596 2738 1614 2766 

rill’ 1697 2704 1746 2805 

rule. 45 2750 131 2794 

Basically 171 2760 353 2831 

we 391 2798 449 2831 

t 491 2803 505 2838 

. 700 2814 707 2822 

In 749 2761 791 2791 

region 816 2764 964 2809 

growing 987 2771 1182 2815 

is 1208 2772 1241 2801 

, 1403 2820 1409 2828 

18 1461 2815 1491 2856 

Sam 1512 2801 1586 2850 

ec 1659 2781 1695 2818 

W 1718 2823 1746 2860 

or 58 2827 100 2857 

inclusion 123 2821 302 2884 

in’ 328 2815 367 2891 

thatsropgrowing 391 2807 767 2909 

a 790 2834 814 2865 

region 839 2837 987 2882 

when 1012 2831 1136 2875 

no 1160 2844 1215 2874 

I1'lO1'C.p1X:3lch 1238 2830 1507 2930 

as 1530 2884 1564 2917 

in 1586 2865 1615 2906 

Sliy 1659 2845 1699 2887 

 1731 2880 1746 2897 

egion. 514 2882 646 2926 

We 697 2886 769 2934 

mentioned 797 2899 1041 2947 

above 1071 2904 1207 2947 

criteria 1236 2899 1394 2945 

S 1420 2903 1437 2932 

_ 299 2981 305 2989 

, 356 2953 364 2969 

which 391 2928 518 2981 

are 544 2956 612 2991 

local 639 2952 745 3003 

in 775 2963 817 3009 

nature 845 2978 992 3018 

and 1020 2976 1103 3020 

do 1131 2976 1187 3020 

not 1216 2979 1287 3017 

take 1313 2967 1400 3013 

into 1426 2960 1499 3002 

acco 1521 2946 1598 2988 

glon 269 2991 358 3033 

 384 3006 535 3053 

A 597 3020 636 3064 

. 698 3028 705 3036 

, 729 3031 736 3039 

Ower 1501 3015 1590 3060 

. 332 3055 339 3063 

- 541 3047 548 3055 

dditional 637 3024 838 3082 

' 919 3044 927 3051 

' 1000 3047 1007 3055 

' 1185 3047 1193 3055 

crease 1226 3051 1366 3089 

the 1392 3032 1453 3077 

P 1477 3034 1501 3078 

- 1739 3068 1741 3074 

orithm 284 3059 422 3109 

incorporat 451 3071 678 3143 

gth 707 3105 776 3150 

criteria 868 3052 1038 3092 

that 1067 3048 1156 3128 

in 1183 3059 1225 3090 

[K 1258 3115 1316 3160 

ness 1341 3116 1429 3154 

between 1456 3081 1603 3139 

a 1623 3071 1638 3102 

a 1671 3119 1684 3149 

 1695 3072 1747 3150 

g 275 3129 298 3166 

pixels 316 3126 441 3186 

graw 461 3157 575 3202 

‘ 602 3184 605 3186 

e- 679 3112 708 3143 

e 777 3121 802 3153 

concept 831 3125 1014 3177 

of 1043 3120 1097 3165 

SIZE‘, 1123 3132 1226 3200 

1 1274 3129 1286 3159 

ef 1316 3125 1369 3224 

the 1386 3176 1447 3221 

inte 1468 3166 1536 3208 

' 1578 3143 1583 3150 

it 1730 3139 1747 3180 

, 365 3211 368 3214 

. 448 3209 450 3211 

~ 502 3192 513 3202 

 550 3166 764 3241 

 826 3196 845 3210 

'~ 870 3200 885 3212 

., 925 3225 952 3243 

a 978 3205 1004 3266 

comparison 1026 3200 1297 3251 

0 1319 3196 1346 3227 

. 1522 3226 1528 3234 

en 1554 3223 1592 3259 

 863 3258 897 3278 

.:;i|Dﬂ)‘,. 916 3267 1039 3345 

and 1057 3267 1141 3315 

the 1162 3266 1232 3310 

shape 1254 3261 1378 3313 

03,: 1397 3242 1482 3358 

gassuI11P“°n 1496 3242 1682 3341 

   0 3082 318 3194 

  669 3194 928 3216 

     0 3216 1057 3347 

   1679 2859 1793 3541 

